mAP: 0.35665214636495596
AP_50: 0.574023057476122
AP_75: 0.3672946270945762
AP_small: 0.024314829506868536
AP_m: 0.1554343805651059
AP_l: 0.4739000662108295
